01.01 -13.9
02.01 -4.1
03.01 -10.2
04.01 -6.6
05.01 -10.5
06.01 -11.0
07.01 -1.5
08.01 0.3
09.01 -1.4
10.01 -8.9
11.01 -10.4
12.01 -5.9
13.01 -10.0
14.01 -11.0
15.01 -4.8
16.01 -1.7
17.01 -6.6
18.01 -7.0
19.01 -5.0
20.01 -1.6
21.01 -1.7
22.01 -11.1
23.01 -11.9
24.01 -4.0
25.01 -3.5
26.01 -4.9
27.01 -3.6
28.01 -13.6
29.01 -8.7
30.01 -2.1
31.01 2.0
01.02 -13.4
02.02 -5.7
03.02 -13.2
04.02 -9.0
05.02 -11.3
06.02 -3.4
07.02 -2.0
08.02 -9.6
09.02 2.4
10.02 -11.2
11.02 -7.0
12.02 -8.3
13.02 -10.4
14.02 -6.3
15.02 -8.7
16.02 -0.2
17.02 -12.6
18.02 -12.4
19.02 5.6
20.02 -4.6
21.02 -8.3
22.02 -5.2
23.02 -13.1
24.02 -3.5
25.02 -8.4
26.02 -6.2
27.02 -9.3
28.02 -0.2
29.02 -3.0
01.03 -7.2
02.03 4.9
03.03 -1.6
04.03 -2.1
05.03 6.9
06.03 1.5
07.03 -4.5
08.03 -0.9
09.03 -0.4
10.03 -9.0
11.03 5.1
12.03 -5.2
13.03 -5.5
14.03 -1.5
15.03 -5.3
16.03 0.5
17.03 -0.3
18.03 -9.4
19.03 -7.1
20.03 -1.1
21.03 -3.2
22.03 -6.0
23.03 -6.5
24.03 -4.1
25.03 -6.8
26.03 -1.3
27.03 -6.8
28.03 -4.2
29.03 -0.7
30.03 -0.9
31.03 1.3
01.04 6.8
02.04 10.0
03.04 3.7
04.04 5.4
05.04 -5.0
06.04 -0.7
07.04 3.7
08.04 -0.8
09.04 9.6
10.04 -8.5
11.04 7.5
12.04 1.0
13.04 9.3
14.04 -1.8
15.04 0.5
16.04 5.2
17.04 -2.1
18.04 -5.9
19.04 2.0
20.04 8.0
21.04 8.8
22.04 0.4
23.04 -5.4
24.04 0.7
25.04 2.1
26.04 -4.1
27.04 -5.1
28.04 0.0
29.04 -1.5
30.04 -0.9
01.05 12.0
02.05 11.5
03.05 0.7
04.05 10.4
05.05 6.4
06.05 4.1
07.05 12.9
08.05 14.9
09.05 23.3
10.05 16.4
11.05 9.7
12.05 16.5
13.05 15.2
14.05 8.4
15.05 6.5
16.05 8.0
17.05 -1.1
18.05 10.0
19.05 -1.4
20.05 6.6
21.05 9.0
22.05 24.3
23.05 7.5
24.05 5.7
25.05 17.7
26.05 7.7
27.05 1.7
28.05 10.6
29.05 10.7
30.05 8.6
31.05 19.0
01.06 19.4
02.06 14.4
03.06 17.3
04.06 13.2
05.06 19.5
06.06 16.2
07.06 8.1
08.06 20.0
09.06 22.2
10.06 14.0
11.06 10.7
12.06 12.7
13.06 12.7
14.06 12.0
15.06 19.9
16.06 6.0
17.06 14.9
18.06 13.6
19.06 20.6
20.06 9.5
21.06 21.1
22.06 12.4
23.06 10.6
24.06 17.3
25.06 16.1
26.06 11.7
27.06 27.4
28.06 17.3
29.06 5.8
30.06 18.4
01.07 20.5
02.07 16.8
03.07 19.0
04.07 17.6
05.07 6.0
06.07 12.1
07.07 12.9
08.07 12.4
09.07 8.6
10.07 13.5
11.07 13.8
12.07 18.5
13.07 19.1
14.07 20.3
15.07 20.5
16.07 21.5
17.07 22.7
18.07 17.0
19.07 17.4
20.07 20.4
21.07 20.0
22.07 23.6
23.07 15.6
24.07 18.1
25.07 20.2
26.07 18.0
27.07 17.9
28.07 23.5
29.07 13.8
30.07 24.4
31.07 18.9
01.08 19.1
02.08 20.8
03.08 20.2
04.08 17.7
05.08 12.7
06.08 13.4
07.08 16.1
08.08 12.4
09.08 16.0
10.08 11.3
11.08 7.5
12.08 14.3
13.08 4.3
14.08 12.4
15.08 21.6
16.08 8.7
17.08 11.1
18.08 20.8
19.08 9.2
20.08 11.7
21.08 20.0
22.08 28.2
23.08 16.9
24.08 20.2
25.08 22.5
26.08 26.2
27.08 17.3
28.08 1.1
29.08 18.1
30.08 15.6
31.08 14.7
01.09 10.2
02.09 10.6
03.09 13.9
04.09 3.4
05.09 9.3
06.09 13.6
07.09 6.3
08.09 6.0
09.09 10.1
10.09 10.5
11.09 19.3
12.09 2.4
13.09 3.6
14.09 6.0
15.09 10.2
16.09 7.3
17.09 9.5
18.09 11.4
19.09 4.9
20.09 16.3
21.09 15.0
22.09 8.8
23.09 6.5
24.09 7.7
25.09 8.7
26.09 8.8
27.09 12.6
28.09 19.8
29.09 10.5
30.09 9.6
01.10 4.7
02.10 2.2
03.10 -1.9
04.10 9.7
05.10 -4.5
06.10 -1.1
07.10 8.4
08.10 2.5
09.10 6.4
10.10 5.5
11.10 5.3
12.10 5.1
13.10 7.2
14.10 -6.6
15.10 5.5
16.10 -2.8
17.10 12.1
18.10 6.3
19.10 6.4
20.10 -0.1
21.10 3.6
22.10 12.9
23.10 -8.1
24.10 8.8
25.10 -3.7
26.10 12.6
27.10 1.1
28.10 7.9
29.10 -1.0
30.10 -1.8
31.10 8.1
01.11 12.0
02.11 8.6
03.11 16.6
04.11 9.9
05.11 8.0
06.11 10.0
07.11 9.9
08.11 4.9
09.11 4.4
10.11 1.9
11.11 11.3
12.11 7.9
13.11 0.5
14.11 11.9
15.11 5.2
16.11 10.6
17.11 14.2
18.11 5.1
19.11 7.0
20.11 15.8
21.11 8.5
22.11 10.8
23.11 11.5
24.11 13.4
25.11 10.6
26.11 5.6
27.11 10.2
28.11 12.5
29.11 9.2
30.11 7.1
01.12 5.0
02.12 1.0
03.12 -2.0
04.12 0.3
05.12 0.8
06.12 -1.2
07.12 -7.9
08.12 -0.2
09.12 -4.5
10.12 -3.0
11.12 -11.6
12.12 -2.1
13.12 -2.1
14.12 -2.6
15.12 -3.9
16.12 1.9
17.12 -3.0
18.12 -1.9
19.12 -2.2
20.12 -0.4
21.12 7.1
22.12 -1.6
23.12 -8.0
24.12 -3.9
25.12 1.6
26.12 -0.7
27.12 4.1
28.12 8.4
29.12 1.2
30.12 8.3
31.12 3.0
